mRNA_size	ORF_size	Fickett_score	Hexamer_score	coding_prob
LCL|ATRICHOPODA_EVM_27.MODEL.AMTR_V1.0_SCAFFOLD05197.1	213	180	0.6915	0.000338982188812393	0.0890401410562383
ERN12092	225	225	0.998	0.294301581318735	0.0965535739175573
ERN15772	303	303	1.0253	0.12725244566107	0.210264839018977
LCL|ATRICHOPODA_EVM_27.MODEL.AMTR_V1.0_SCAFFOLD00055.112	291	291	0.988	0.0516217515379993	0.185669276499927
ERN10108	1503	1503	1.2392	-0.000844785993889238	0.999997705572259
ERN06389	7213	486	1.2968	0.0761433688600985	1
LCL|ATRICHOPODA_EVM_27.MODEL.AMTR_V1.0_SCAFFOLD00108.22	330	330	0.7225	-0.0425186236273381	0.259698743420747
ERN05939	1170	204	0.7591	-0.0571621783356207	0.999995539597748
LCL|ATRICHOPODA_EVM_27.MODEL.AMTR_V1.0_SCAFFOLD00036.39	279	279	0.7299	0.0966882796073779	0.162644596330448
ERN16463	29342	420	0.7896	0.127521869518801	1
LCL|ATRICHOPODA_EVM_27.MODEL.AMTR_V1.0_SCAFFOLD00075.42	246	246	0.9171	0.0324231394310065	0.116786292405981
ERN07877	3862	372	0.6054	0.0819790465788678	1
ERN10564	306	306	0.8859	0.0929077329263243	0.213545029109398
ERM97543	207	207	1.0352	0.148221045551767	0.0783916610495656
LCL|ATRICHOPODA_EVM_27.MODEL.AMTR_V1.0_SCAFFOLD00130.18	321	321	0.9792	0.0481814510263776	0.245649805414983
LCL|ATRICHOPODA_EVM_27.MODEL.AMTR_V1.0_SCAFFOLD00342.3	201	201	0.6516	0.0180286512694839	0.0701475960747804
LCL|ATRICHOPODA_EVM_27.MODEL.AMTR_V1.0_SCAFFOLD00072.92	324	324	1.0558	0.0702943749227857	0.254082773624703
ERN16604	1201	429	0.8056	0.133502592844439	0.999994111959801
LCL|ATRICHOPODA_EVM_27.MODEL.AMTR_V1.0_SCAFFOLD00002.125	210	210	0.4451	-0.0962656398432431	0.0752729241789217
LCL|ATRICHOPODA_EVM_27.MODEL.AMTR_V1.0_SCAFFOLD00085.104	309	309	0.7674	0.0390416879260209	0.216786551628402
ERN00862	5792	519	0.5609	-0.0314401874580791	1
ERN11342	11418	1164	0.9603	0.158334159209442	1
LCL|ATRICHOPODA_EVM_27.MODEL.AMTR_V1.0_SCAFFOLD00121.32	360	360	1.0734	0.214932482689952	0.347624148348249
ERN17971	21381	318	1.0187	0.0739037290704961	1
LCL|ATRICHOPODA_EVM_27.MODEL.AMTR_V1.0_SCAFFOLD00039.185	261	261	0.6758	0.0674256830000801	0.134545173600027
ERM96743	281	117	1.0294	-0.073515454546634	0.261292593907046
ERN01957	1007	795	0.5595	0.0769669141927394	0.999572957194059
ERN07034	375	375	0.3828	0.0949987474513882	0.371748859489142
ERN18173	369	369	0.5404	-0.0753899688383029	0.353817539088623
LCL|ATRICHOPODA_EVM_27.MODEL.AMTR_V1.0_SCAFFOLD00083.54	354	354	0.9247	-0.0405410714163446	0.322214494659771
LCL|ATRICHOPODA_EVM_27.MODEL.AMTR_V1.0_SCAFFOLD00205.4	210	210	1.0109	0.0541761094487976	0.0800498066570295
LCL|ATRICHOPODA_EVM_27.MODEL.AMTR_V1.0_SCAFFOLD00964.1	330	261	1.2598	-0.0506749379260753	0.318167318857071
ERN10267	264	180	1.2401	0.014678257808577	0.183768126562606
ERN02585	911	324	0.789	0.0518132999752263	0.999641260446268
LCL|ATRICHOPODA_EVM_27.MODEL.AMTR_V1.0_SCAFFOLD00014.93	297	297	0.7857	0.0658633869510762	0.194217927160408
ERM98848	633	474	1.2593	0.0998529285372239	0.960056676200534
ERN18015	634	192	0.8423	0.11162347310683	0.984308887853482
LCL|ATRICHOPODA_EVM_27.MODEL.AMTR_V1.0_SCAFFOLD02650.3	321	321	0.8669	0.129813328417178	0.245593973975488
LCL|ATRICHOPODA_EVM_27.MODEL.AMTR_V1.0_SCAFFOLD00062.146	216	216	0.6607	0.129683548263592	0.0837949887707846
ERN19335	291	291	0.9085	-0.206182904363429	0.180163791992343
ERN20198	228	228	1.1734	-0.0755005989175506	0.0972635514551586
LCL|ATRICHOPODA_EVM_27.MODEL.AMTR_V1.0_SCAFFOLD00117.22	201	201	0.9522	-0.0724939926214081	0.0711759246151662
LCL|ATRICHOPODA_EVM_27.MODEL.AMTR_V1.0_SCAFFOLD00051.79	285	285	1.0786	0.0389286246189242	0.176025660584848
ERM96621	573	573	0.543	0.0423865732324149	0.863347529828298
ERN12291	1510	315	0.8138	0.00685620987589862	0.99999996543116
LCL|ATRICHOPODA_EVM_27.MODEL.AMTR_V1.0_SCAFFOLD00040.282	303	303	0.8764	-0.031058196754095	0.205109131069195
LCL|ATRICHOPODA_EVM_27.MODEL.AMTR_V1.0_SCAFFOLD01256.1	318	318	1.1447	0.278826740835405	0.246653847863465
LCL|ATRICHOPODA_EVM_27.MODEL.AMTR_V1.0_SCAFFOLD00017.5	306	306	0.7994	0.0892945528066188	0.212213172377844
ERN07821	1687	465	0.6396	0.114033661416307	0.999999996173202
ERN11362	1230	1230	0.6151	0.105912304711496	0.999938029743007
LCL|ATRICHOPODA_EVM_27.MODEL.AMTR_V1.0_SCAFFOLD00016.318	327	327	0.6734	-0.0615955990931748	0.251658929659982
ERN18695	927	927	0.9807	0.153404943573155	0.997793670646609
ERN03832	2853	207	0.8592	0.192317381180049	1
LCL|ATRICHOPODA_EVM_27.MODEL.AMTR_V1.0_SCAFFOLD00183.18	288	288	0.6075	-0.00264994632372825	0.174569945254089
ERN14680	2225	330	1.1307	0.0548446971776528	0.999999999999415
LCL|ATRICHOPODA_EVM_27.MODEL.AMTR_V1.0_SCAFFOLD00068.73	219	219	0.9647	-0.0558524147498542	0.0869723131369652
LCL|ATRICHOPODA_EVM_27.MODEL.AMTR_V1.0_SCAFFOLD01004.1	351	351	1.052	0.0315366389126719	0.31866153624275
ERN18788	10748	297	0.8222	0.142977678343364	1
LCL|ATRICHOPODA_EVM_27.MODEL.AMTR_V1.0_SCAFFOLD00001.479	315	315	1.0073	-0.0292243946390268	0.23147344374163
LCL|ATRICHOPODA_EVM_27.MODEL.AMTR_V1.0_SCAFFOLD00061.131	354	354	1.0168	0.126588157346335	0.328230066500539
ERN14560	387	387	0.7926	-0.00779287359782913	0.411459617789987
LCL|ATRICHOPODA_EVM_27.MODEL.AMTR_V1.0_SCAFFOLD00079.116	330	330	0.4928	0.0982577692575426	0.258996427445633
ERN11618	2293	1026	0.8373	0.188180963539098	0.999999999997675
LCL|ATRICHOPODA_EVM_27.MODEL.AMTR_V1.0_SCAFFOLD00076.71	270	270	1.042	0.138388858909751	0.152650748780061
ERN11635	4583	282	0.5204	0.200322969439908	1
LCL|ATRICHOPODA_EVM_27.MODEL.AMTR_V1.0_SCAFFOLD00267.1	333	333	0.5333	0.0378897596556515	0.265239718183683
LCL|ATRICHOPODA_EVM_27.MODEL.AMTR_V1.0_SCAFFOLD00099.110	309	309	0.6373	0.0823648081093045	0.21571937829661
LCL|ATRICHOPODA_EVM_27.MODEL.AMTR_V1.0_SCAFFOLD00085.1	327	327	0.8498	0.143555446588813	0.259105740468116
LCL|ATRICHOPODA_EVM_27.MODEL.AMTR_V1.0_SCAFFOLD00056.94	255	255	1.0642	0.0320439534432099	0.129749317564183
LCL|ATRICHOPODA_EVM_27.MODEL.AMTR_V1.0_SCAFFOLD00032.186	354	354	0.8227	0.0758454751718799	0.32322616914661
ERM97118	3023	291	0.8586	0.223158147448062	1
LCL|ATRICHOPODA_EVM_27.MODEL.AMTR_V1.0_SCAFFOLD00007.250	324	324	0.6202	-0.0131622883471148	0.245167261110003
ERN17730	6149	591	0.6282	0.148644388878512	1
ERN17311	583	111	1.2564	-0.0770965146136876	0.974646943371692
LCL|ATRICHOPODA_EVM_27.MODEL.AMTR_V1.0_SCAFFOLD00061.27	348	348	0.7112	-0.0471809001210171	0.302696407237746
LCL|ATRICHOPODA_EVM_27.MODEL.AMTR_V1.0_SCAFFOLD00048.29	267	267	1.1608	-0.0541290250783246	0.146574642547477
LCL|ATRICHOPODA_EVM_27.MODEL.AMTR_V1.0_SCAFFOLD03745.1	234	183	0.8888	0.0236413789747378	0.119969054770668
LCL|ATRICHOPODA_EVM_27.MODEL.AMTR_V1.0_SCAFFOLD00050.86	312	312	0.6413	0.108065380542728	0.222406652051687
ERN00800	634	360	0.807	0.168055601381849	0.972325385396835
ERM98150	5950	423	0.8559	0.152475820038371	1
LCL|ATRICHOPODA_EVM_27.MODEL.AMTR_V1.0_SCAFFOLD00101.52	327	327	0.7388	0.0731962702195527	0.255698210844861
ERM97468	337	96	0.9714	-0.124318713888488	0.471186551125571
ERN16245	795	795	0.9678	0.193993066548404	0.98948412345186
ERM96247	602	195	1.1528	0.271242522402706	0.9754323697636
LCL|ATRICHOPODA_EVM_27.MODEL.AMTR_V1.0_SCAFFOLD00100.13	294	294	0.7137	-0.0633550032611615	0.185449009375639
LCL|ATRICHOPODA_EVM_27.MODEL.AMTR_V1.0_SCAFFOLD00059.217	294	294	0.8676	0.0501761750609893	0.189496404302313
ERN02385	261	261	0.7415	0.0564194773096504	0.135063181480194
LCL|ATRICHOPODA_EVM_27.MODEL.AMTR_V1.0_SCAFFOLD00016.47	204	204	0.4796	-0.0197254965319602	0.0712254681374074
ERN01108	1170	1170	0.8838	0.170308685981089	0.999877150238956
ERM97997	5991	420	0.8508	0.0615580153836236	1
LCL|ATRICHOPODA_EVM_27.MODEL.AMTR_V1.0_SCAFFOLD00029.361	321	321	0.3953	0.149095188089467	0.238474269322192
LCL|ATRICHOPODA_EVM_27.MODEL.AMTR_V1.0_SCAFFOLD00122.31	333	333	0.918	0.0658730733332675	0.272459920662518
ERN07188	510	510	1.0654	0.267380626711126	0.762052728277082
ERM98499	13606	639	0.9192	0.23356034990827	1
LCL|ATRICHOPODA_EVM_27.MODEL.AMTR_V1.0_SCAFFOLD00190.10	351	351	0.5868	-0.0128735334726496	0.308834094741264
ERN03138	1498	1086	1.2695	0.0440370589401246	0.999999421812161
ERN16098	270	270	0.9354	0.088919536397443	0.150718088494859
ERN01500	378	378	0.5639	0.0494713275232054	0.382611081352534
LCL|ATRICHOPODA_EVM_27.MODEL.AMTR_V1.0_SCAFFOLD00040.56	351	351	0.7534	0.114584785695564	0.315121619716946
ERN09171	234	234	0.9884	0.0676299263142683	0.103774147027968
ERM96926	476	195	0.8991	-0.00724934149645178	0.843922181663274
ERM97306	7453	693	1.034	0.227720370364983	1
ERN03562	180	180	0.4424	-0.143555997546556	0.0535695665017084
LCL|ATRICHOPODA_EVM_27.MODEL.AMTR_V1.0_SCAFFOLD00129.92	207	207	0.7209	-0.100246982727937	0.0744269187038554
LCL|ATRICHOPODA_EVM_27.MODEL.AMTR_V1.0_SCAFFOLD00041.213	249	123	0.9087	-0.00238078319514914	0.174383988496613
LCL|ATRICHOPODA_EVM_27.MODEL.AMTR_V1.0_SCAFFOLD02345.1	357	357	0.7422	-0.105107814844206	0.324924816971385
LCL|ATRICHOPODA_EVM_27.MODEL.AMTR_V1.0_SCAFFOLD00013.260	246	246	0.6583	-0.00684707081019812	0.114021521611891
ERN01360	2600	1272	0.7837	0.148497668793849	1
ERM93836	27688	366	0.5641	0.0954710919353925	1
ERM98654	567	567	0.5979	0.0105744368720147	0.854822917119692
LCL|ATRICHOPODA_EVM_27.MODEL.AMTR_V1.0_SCAFFOLD00011.23	237	237	0.8325	-0.20560188554521	0.102892303855795
LCL|ATRICHOPODA_EVM_27.MODEL.AMTR_V1.0_SCAFFOLD00010.380	279	279	0.4722	0.118902367824429	0.159958888687581
LCL|ATRICHOPODA_EVM_27.MODEL.AMTR_V1.0_SCAFFOLD03489.1	357	357	1.0421	0.276626395242491	0.340554260999533
ERN06216	9603	609	0.661	0.181367017523367	1
LCL|ATRICHOPODA_EVM_27.MODEL.AMTR_V1.0_SCAFFOLD00041.84	267	267	1.0211	-0.0338256767121902	0.145352552409882
ERN08778	510	510	1.2448	0.122761948881527	0.761840892943666
ERM93689	321	321	0.6248	0.0706371338258291	0.240454100744714
ERN12622	1769	417	0.625	0.00270141858307736	0.99999999906994
LCL|ATRICHOPODA_EVM_27.MODEL.AMTR_V1.0_SCAFFOLD00052.53	342	342	0.8093	0.113122783704996	0.293411762535577
LCL|ATRICHOPODA_EVM_27.MODEL.AMTR_V1.0_SCAFFOLD00096.58	228	228	0.9667	0.179558584237352	0.0982875898826825
ERM93867	498	498	0.8457	0.0802130539641875	0.727123345693655
LCL|ATRICHOPODA_EVM_27.MODEL.AMTR_V1.0_SCAFFOLD00099.166	249	249	1.063	0.27554708837431	0.124930526463696
LCL|ATRICHOPODA_EVM_27.MODEL.AMTR_V1.0_SCAFFOLD00106.29	324	324	0.6963	0.0585012507661856	0.247942691886957
LCL|ATRICHOPODA_EVM_27.MODEL.AMTR_V1.0_SCAFFOLD00011.171	348	348	0.896	0.124030124213709	0.310338827510104
LCL|ATRICHOPODA_EVM_27.MODEL.AMTR_V1.0_SCAFFOLD00072.86	348	348	0.8376	0.105400426742831	0.308790263153995
LCL|ATRICHOPODA_EVM_27.MODEL.AMTR_V1.0_SCAFFOLD00074.121	213	213	0.4395	-0.0777376101865642	0.0779196743713959
LCL|ATRICHOPODA_EVM_27.MODEL.AMTR_V1.0_SCAFFOLD00047.184	270	270	1.088	0.102092681256865	0.152623808133197
ERN05981	329	327	0.7792	-0.00753856872102327	0.260471687525197
ERM98787	29678	846	0.6788	0.154172901438911	1
LCL|ATRICHOPODA_EVM_27.MODEL.AMTR_V1.0_SCAFFOLD02853.1	282	210	0.8205	0.120469498888145	0.207123260193973
ERN12336	2666	681	0.7044	0.0620728864499046	1
ERN04698	487	225	0.5766	-0.146246579771629	0.846664722015629
LCL|ATRICHOPODA_EVM_27.MODEL.AMTR_V1.0_SCAFFOLD00002.66	270	270	0.9734	0.16328763480633	0.152252580896207
ERM97965	420	420	1.0096	-0.040297133057645	0.512636785182665
